emotion,train,val,test,total
angry,3995,467,491,4953
disgust,436,56,55,547
fear,4097,496,528,5121
happy,7215,895,879,8989
neutral,4965,607,626,6198
sad,4830,653,594,6077
surprise,3171,415,416,4002
TOTAL,28709,3589,3589,35887
